11
7
984 476 900 316 376 513 355
19
757 828 535 706 735 71 986 687 748 130 7 529 278 520 315 563 466 86 46
16
961 767 431 296 242 682 963 969 194 317 284 950 496 170 656 230
24
641 268 339 122 274 220 400 794 534 314 611 971 359 107 283 477 889 578 70 570 540 38 764 209
9
65 56 842 720 638 81 712 905 772
18
179 991 585 324 876 898 286 198 608 392 480 84 632 57 153 202 948 542
13
508 215 381 564 56 101 201 489 164 105 612 997 635
18
933 310 477 830 596 26 437 339 505 872 971 913 376 524 860 918 840 368
4
220 931 539 672
19
379 836 587 990 184 222 943 469 531 771 298 478 796 87 817 300 310 139 212
22
662 424 955 501 143 438 72 425 328 744 907 59 931 493 48 466 66 991 934 949 761 584
